0.0250000000000000
0.0333333333333333
-0.1470921538569825,0.3508769716586304,-0.7189940004257296,-0.3420055299780925
1.8921299070140811
10,13,14,15,31,34
0.29336431520205764
-0.15360322226233802,0.11058593459008659,-0.48024710009784577,-0.2207520412128427
2.3452434434132177
40,41,43,44,45,46,48,50,52,53,54,55,56,57,58,59,63,64,65,66,67,70,71,73,77,78
0.2704603293981356
-0.09176465640249276,0.08722690842768177,-1.105546183144634,-0.898991564830173
7.220857460580074
80,81,83,84,86,89,91,93,96,97,103,104,107,108,109,111,112,115,116,117,119
0.2806432599587305

0.0250000000000000
0.0333333333333333
-0.1546953806046849,0.39157525196948617,-0.7651819374495734,-0.35435917518989174
1.8964214397668673
13,14,31,34
0.29854137765418015
-0.15228426789115657,0.13536379368102813,-0.490693752093727,-0.23688663894179923
2.2893399540816306
43,45,46,48,50,52,53,55,56,57,58,59,63,64,65,66,67,71,73,78
0.281029805509726
0.07164497321760521,0.240000000000002,-1.3760315684645459,-1.162193297623472
7.457591188546857
80,81,83,89,91,93,96,97,103,104,107,108,111,112,116,117,119
0.28568933474783487

0.0166666666666667
0.0333333333333333
-0.08461491940959265,0.44526590762693274,-0.8404228999803343,-0.39549567986979794
1.567952957053328
13,14,31,34
0.30170636709586496
-0.15228426789115657,0.13536379368102813,-0.490693752093727,-0.23688663894179923
2.2893399540816306
43,46,48,50,52,53,56,57,58,63,64,65,66,67,71,73,78
0.2873489933365643
0.12864428210512102,0.422314888216464,-1.5263467916532178,-1.3468104477008023
7.685069860412573
80,81,83,89,91,93,96,97,103,104,108,111,112,116,117,119
0.2877819075800474

0.0166666666666667
0.0333333333333333
-0.06496522369062463,0.4438764442560663,-0.8474298643567157,-0.3895110868151965
1.4901841106470173
13,14,31,34
0.30494782087082
-0.15228426789115657,0.13536379368102813,-0.490693752093727,-0.23688663894179923
2.2893399540816306
43,46,48,50,52,53,56,57,58,63,64,65,66,71,73,78
0.2939797343222903
0.18089993794873038,0.48747914902935285,-1.7639730704284915,-1.5621223817993286
8.694341631769342
80,83,89,91,93,96,97,103,104,108,112,116,117,119
0.29098651282136334

0.0166666666666667
0.0333333333333333
-0.045039636777182146,0.44386064770472555,-0.8540825367658524,-0.38378961585756205
1.4068009998011386
13,14,31,34
0.3055415112665466
-0.15228426789115657,0.13536379368102813,-0.490693752093727,-0.23688663894179923
2.2893399540816306
43,46,48,50,52,56,57,58,63,64,65,66,71,73,78
0.29498107058348455
0.20245904811115167,0.43802890670065153,-1.8165521928971415,-1.638034260604023
9.091808393538798
80,89,91,93,96,97,103,104,108,112,116,117,119
0.29153080800519504

0.0250000000000000
0.0333333333333333
-0.03774433237750552,0.4418218523724735,-0.8546210342549707,-0.3884080508468915
1.3813066085567283
13,31,34
0.3055724199539258
-0.15228426789115657,0.13536379368102813,-0.490693752093727,-0.23688663894179923
2.2893399540816306
43,46,48,50,52,56,57,58,63,64,65,66,73,78
0.2956016962636894
0.30944071526119643,0.46272328421007813,-1.82433840207824,-1.731968773865935
8.55071999023689
80,89,91,93,96,97,103,104,108,112,116,117,119
0.2911226678598955

0.0250000000000000
0.0333333333333333
-0.043076946490451906,0.48820508918258,-0.9387179643269679,-0.43435898216348406
1.4216148755324995
13,31,34
0.3062315718350446
-0.15228426789115657,0.13536379368102813,-0.490693752093727,-0.23688663894179923
2.2893399540816306
43,46,48,50,52,56,57,58,63,64,66,78
0.29648700979055054
0.34650662706056323,0.4029080814839965,-1.9019249716637034,-1.7746136177269758
8.97370076421241
80,89,91,93,96,97,103,104,108,112,116,119
0.29154893926663084

0.0250000000000000
0.0333333333333333
-0.046258538085542256,0.5211827995531007,-1.0030446153124941,-0.4641297849669344
1.4528444969775751
13,31,34
0.3068522250031792
-0.15228426789115657,0.13536379368102813,-0.490693752093727,-0.23688663894179923
2.2893399540816306
43,46,48,50,52,56,57,58,63,64,65,66,78
0.2975043567714346
0.37786207365236635,0.3963400428139039,-1.9235171898240253,-1.9758768208981632
9.2026892083026
80,89,91,93,96,97,103,104,108,116,119
0.2923631758106229

0.0250000000000000
0.0333333333333333
-0.046258538085542256,0.5211827995531007,-1.0030446153124941,-0.4641297849669344
1.4528444969775751
13,31,34
0.30799746626471103
-0.15228426789115657,0.13536379368102813,-0.490693752093727,-0.23688663894179923
2.2893399540816306
43,46,48,50,52,56,57,63,64,66,78
0.29947552829056434
0.3691378295091141,0.39060093550466135,-1.9991064401959733,-2.154897861366601
9.944396599962609
80,89,91,93,96,97,103,104,108,116,119
0.29369660428699085

0.0250000000000000
0.0333333333333333
-0.046258538085542256,0.5211827995531007,-1.0030446153124941,-0.4641297849669344
1.4528444969775751
13,31,34
0.30859377276648686
-0.15228426789115657,0.13536379368102813,-0.490693752093727,-0.23688663894179923
2.2893399540816306
43,46,48,50,52,56,57,63,64,66,78
0.30032634929813606
0.34222130372296533,0.33965223039448844,-2.052413433293964,-2.2234040397440893
10.635753925178228
80,89,91,93,96,97,103,104,108,116,119
0.294498943304931
